1238790679.000000 1238791879.000000
1238792299.000000 1238819059.000000
1238819899.000000 1238833519.000000
1238834659.000000 1238856439.000000
1238908219.000000 1238910319.000000
1238919019.000000 1238930359.000000
1238938399.000000 1238942059.000000
1238955259.000000 1238959399.000000
1238966539.000000 1238971459.000000
1238973079.000000 1238979199.000000
1238981119.000000 1238987119.000000
1238990539.000000 1238993479.000000
1238993599.000000 1238995039.000000
1238996659.000000 1239007159.000000
1239009859.000000 1239010339.000000
1239010459.000000 1239044539.000000
1239059839.000000 1239082999.000000
1239087199.000000 1239103219.000000
1239103399.000000 1239106279.000000
1239149539.000000 1239153679.000000
1239153859.000000 1239201379.000000
1239201499.000000 1239208759.000000
1239213619.000000 1239232099.000000
1239244999.000000 1239253459.000000
1239263059.000000 1239288919.000000
1239295639.000000 1239318799.000000
1239322399.000000 1239341779.000000
1239348739.000000 1239398839.000000
1239430819.000000 1239449299.000000
1239449419.000000 1239461119.000000
1239483799.000000 1239491059.000000
1239497839.000000 1239502399.000000
1239516019.000000 1239566419.000000
1239594619.000000 1239599239.000000
1239619639.000000 1239636439.000000
1239672139.000000 1239685759.000000
1239685999.000000 1239687619.000000
1239687799.000000 1239719479.000000
1239720019.000000 1239726019.000000
1239726379.000000 1239743959.000000
1239822739.000000 1239823159.000000
1239840679.000000 1239878659.000000
1239878779.000000 1239918439.000000
1239920119.000000 1239923839.000000
1239940699.000000 1239993499.000000
1240037839.000000 1240065139.000000
1240065499.000000 1240066039.000000
1240104679.000000 1240111519.000000
1240124239.000000 1240141459.000000
1240146679.000000 1240160179.000000
1240189819.000000 1240214119.000000
1240219519.000000 1240249039.000000
1240266439.000000 1240275319.000000
1240276039.000000 1240277839.000000
1240279939.000000 1240285159.000000
1240285279.000000 1240331119.000000
1240335739.000000 1240342579.000000
1240345879.000000 1240352899.000000
1240360879.000000 1240371139.000000
1240371259.000000 1240374739.000000
1240374919.000000 1240398739.000000
1240398859.000000 1240425559.000000
1240546519.000000 1240606699.000000
1240606819.000000 1240612999.000000
1240613119.000000 1240621279.000000
1240624039.000000 1240624339.000000
1240624459.000000 1240670779.000000
1240764379.000000 1240772359.000000
1240782019.000000 1240786099.000000
1240795639.000000 1240807879.000000
1240821199.000000 1240844059.000000
1240849999.000000 1240853539.000000
1240853659.000000 1240855219.000000
1240860379.000000 1240867939.000000
1240872319.000000 1240919299.000000
1240919479.000000 1240940539.000000
1240940659.000000 1240961179.000000
1240961359.000000 1240977679.000000
1241002639.000000 1241011099.000000
1241068879.000000 1241073739.000000
1241073919.000000 1241074699.000000
1241088679.000000 1241092339.000000
1241092459.000000 1241093419.000000
1241093539.000000 1241123779.000000
