1238170956.000000 1238172876.000000
1238172996.000000 1238196756.000000
1238198136.000000 1238206236.000000
1238227176.000000 1238232276.000000
1238235756.000000 1238239656.000000
1238245176.000000 1238252436.000000
1238290536.000000 1238292936.000000
1238293056.000000 1238308296.000000
1238318376.000000 1238344416.000000
1238350896.000000 1238357136.000000
1238368416.000000 1238374356.000000
1238383596.000000 1238383896.000000
1238384736.000000 1238412516.000000
1238412696.000000 1238440656.000000
1238450556.000000 1238479656.000000
1238480976.000000 1238519856.000000
1238528556.000000 1238535516.000000
1238538816.000000 1238538936.000000
1238543256.000000 1238543316.000000
1238546556.000000 1238555436.000000
1238561196.000000 1238619936.000000
1238633676.000000 1238636136.000000
1238636376.000000 1238672676.000000
1238672796.000000 1238687556.000000
1238691276.000000 1238697756.000000
1238700936.000000 1238724576.000000
1238725656.000000 1238758176.000000
1238758296.000000 1238773236.000000
1238773476.000000 1238775936.000000
1238775996.000000 1238785176.000000
1238790696.000000 1238791896.000000
1238792316.000000 1238819076.000000
1238819856.000000 1238833536.000000
1238908236.000000 1238910336.000000
1238918976.000000 1238930376.000000
1238938416.000000 1238942076.000000
1238955216.000000 1238959416.000000
1238966556.000000 1238971416.000000
1238973096.000000 1238979156.000000
1238981136.000000 1238987136.000000
1238990556.000000 1238993496.000000
1238993556.000000 1238995056.000000
1238996676.000000 1239007176.000000
1239009876.000000 1239010356.000000
1239010476.000000 1239044556.000000
1239087156.000000 1239103176.000000
1239103416.000000 1239106296.000000
1239149556.000000 1239153636.000000
1239153876.000000 1239201336.000000
1239201516.000000 1239208776.000000
1239213636.000000 1239232116.000000
1239244956.000000 1239253476.000000
1239263076.000000 1239288876.000000
1239295656.000000 1239318816.000000
1239322416.000000 1239341736.000000
1239348756.000000 1239398796.000000
1239430176.000000 1239430236.000000
1239430836.000000 1239449316.000000
1239449436.000000 1239461136.000000
1239483816.000000 1239491076.000000
1239497856.000000 1239502416.000000
1239515976.000000 1239566376.000000
1239594636.000000 1239599256.000000
1239619596.000000 1239636396.000000
1239672096.000000 1239685776.000000
1239686016.000000 1239687636.000000
1239687816.000000 1239719496.000000
1239720036.000000 1239726036.000000
1239726396.000000 1239743976.000000
1239757956.000000 1239785616.000000
1239788736.000000 1239822396.000000
1239822696.000000 1239823176.000000
1239823356.000000 1239836376.000000
1239840696.000000 1239878676.000000
1239878796.000000 1239918456.000000
1239920076.000000 1239923856.000000
1239940656.000000 1239993516.000000
1240037856.000000 1240065156.000000
1240065516.000000 1240065996.000000
1240104696.000000 1240111536.000000
1240124196.000000 1240141476.000000
1240146696.000000 1240160196.000000
1240189776.000000 1240214136.000000
1240219536.000000 1240249056.000000
1240266456.000000 1240275336.000000
1240276056.000000 1240277856.000000
1240279956.000000 1240285176.000000
1240285236.000000 1240331136.000000
1240335756.000000 1240342536.000000
1240345896.000000 1240352916.000000
1240360896.000000 1240371156.000000
1240371276.000000 1240374756.000000
1240374936.000000 1240398756.000000
1240398876.000000 1240425576.000000
1240546536.000000 1240606716.000000
1240821156.000000 1240844076.000000
1240849956.000000 1240853556.000000
1240853616.000000 1240855176.000000
1240860336.000000 1240867956.000000
1240872276.000000 1240919316.000000
1240919436.000000 1240940496.000000
1240940676.000000 1240961196.000000
1240961316.000000 1241002476.000000
1241002656.000000 1241011056.000000
1241068896.000000 1241073756.000000
1241073936.000000 1241074716.000000
1241088696.000000 1241092296.000000
1241092476.000000 1241093376.000000
1241093496.000000 1241123796.000000
1241123916.000000 1241175636.000000
1241175816.000000 1241178456.000000
1241178576.000000 1241196876.000000
1241243016.000000 1241243076.000000
