1238166020.000000 1238170520.000000
1238171000.000000 1238172920.000000
1238173040.000000 1238196740.000000
1238198120.000000 1238215100.000000
1238227220.000000 1238232260.000000
1238235800.000000 1238239640.000000
1238245160.000000 1238252420.000000
1238290580.000000 1238292920.000000
1238293040.000000 1238308280.000000
1238318360.000000 1238344460.000000
1238350880.000000 1238357120.000000
1238368400.000000 1238374340.000000
1238383580.000000 1238383880.000000
1238384720.000000 1238409260.000000
1238412680.000000 1238440640.000000
1238450600.000000 1238479640.000000
1238480960.000000 1238519900.000000
1238528540.000000 1238535500.000000
1238538800.000000 1238538920.000000
1238543240.000000 1238543300.000000
1238546600.000000 1238555420.000000
1238561180.000000 1238602100.000000
1238633720.000000 1238636180.000000
1238636360.000000 1238672660.000000
1238672780.000000 1238687540.000000
1238691260.000000 1238697740.000000
1238700920.000000 1238724560.000000
1238758280.000000 1238773280.000000
1238773520.000000 1238775920.000000
1238776040.000000 1238785160.000000
1238790680.000000 1238791880.000000
1238792300.000000 1238819060.000000
1238819900.000000 1238833520.000000
1238834660.000000 1238856440.000000
1238908220.000000 1238910320.000000
1238919020.000000 1238930360.000000
1238938400.000000 1238942060.000000
1238955260.000000 1238959400.000000
1238966540.000000 1238971460.000000
1238973080.000000 1238979200.000000
1238981120.000000 1238987120.000000
1238990540.000000 1238993480.000000
1238993600.000000 1238995040.000000
1238996660.000000 1239007160.000000
1239009860.000000 1239010340.000000
1239010460.000000 1239044540.000000
1239059840.000000 1239083000.000000
1239087200.000000 1239103220.000000
1239103400.000000 1239106280.000000
1239149540.000000 1239153680.000000
1239153860.000000 1239201380.000000
1239201500.000000 1239208760.000000
1239213620.000000 1239232100.000000
1239245000.000000 1239253460.000000
1239263060.000000 1239288920.000000
1239295640.000000 1239318800.000000
1239322400.000000 1239341780.000000
1239348740.000000 1239398840.000000
1239430820.000000 1239449300.000000
1239449420.000000 1239461120.000000
1239483800.000000 1239491060.000000
1239497840.000000 1239502400.000000
1239516020.000000 1239566420.000000
1239594620.000000 1239599240.000000
1239619640.000000 1239636440.000000
1239672140.000000 1239685760.000000
1239686000.000000 1239687620.000000
1239687800.000000 1239719480.000000
1239720020.000000 1239726020.000000
1239726380.000000 1239743960.000000
1239822740.000000 1239823160.000000
1239840680.000000 1239878660.000000
1239878780.000000 1239918440.000000
1239920120.000000 1239923840.000000
1239940700.000000 1239993500.000000
1240037840.000000 1240065140.000000
1240065500.000000 1240066040.000000
1240104680.000000 1240111520.000000
1240124240.000000 1240141460.000000
1240146680.000000 1240160180.000000
1240189820.000000 1240214120.000000
1240219520.000000 1240249040.000000
1240266440.000000 1240275320.000000
1240276040.000000 1240277840.000000
1240279940.000000 1240285160.000000
1240285280.000000 1240331120.000000
1240335740.000000 1240342580.000000
1240345880.000000 1240352900.000000
1240360880.000000 1240371140.000000
1240371260.000000 1240374740.000000
1240374920.000000 1240398740.000000
1240398860.000000 1240425560.000000
1240546520.000000 1240606700.000000
1240606820.000000 1240613000.000000
1240613120.000000 1240621280.000000
1240624040.000000 1240624340.000000
1240624460.000000 1240670780.000000
1240764380.000000 1240772360.000000
1240782020.000000 1240786100.000000
1240795640.000000 1240807880.000000
1240821200.000000 1240844060.000000
1240850000.000000 1240853540.000000
1240853660.000000 1240855220.000000
1240860380.000000 1240867940.000000
1240872320.000000 1240919300.000000
1240919480.000000 1240940540.000000
1240940660.000000 1240961180.000000
1240961360.000000 1240977680.000000
1241002640.000000 1241011100.000000
1241068880.000000 1241073740.000000
1241073920.000000 1241074700.000000
1241088680.000000 1241092340.000000
1241092460.000000 1241093420.000000
1241093540.000000 1241123780.000000
